参数为[ 5.26179041e+00  8.40349247e+00 -5.95401649e+00  4.95768451e-02
  1.76014097e+00  2.78530770e+00 -9.24994223e-01  2.59799173e-01
 -5.58182582e-01  4.22387307e-01  1.35376618e+02  1.59727436e+02
  1.03139610e+02  4.46082635e+01  1.28722885e+01 -1.07503971e+00
 -4.92631614e+00 -2.79260785e+00 -1.30623661e+00  3.75621228e-01
 -1.77895958e+01 -9.73372597e+01 -7.65951663e+01 -2.52770726e+01
 -2.50439297e+00  2.80742394e+00  1.85659106e-01  1.34525197e+00
  1.85952569e+00 -2.50104422e-01 -4.12052509e+01 -1.77460808e+02
 -3.13841048e+02 -7.57379198e+02  2.29300973e+01 -1.30357118e+03
 -3.18848742e+02  2.38955315e+02 -1.47259431e+02 -1.20974059e+02
 -8.90610064e-01  6.79909376e-01 -3.02979686e-01 -8.27707124e-01
  4.49126585e-01 -2.51826321e-01  4.97377399e-01 -2.17327382e-03
 -1.55771910e+00 -9.70182124e-01  3.10728662e+01 -3.96947838e+01
 -1.10079321e+02 -1.02018376e+02 -4.26431152e+01 -4.76494283e+00
  2.47370853e+00  2.41048520e+00 -1.26789344e+00 -2.82238330e+00
  3.93243983e+01  1.27468020e+02  9.95699241e+01  4.36604153e+01
  9.52429625e+00 -6.51681124e-01 -1.84203320e+00 -3.57202953e-01
 -1.06529822e+00  8.62232301e-01  7.73654946e+01  2.63986253e+01
 -5.07954913e+01 -4.24052288e+01 -1.96989554e+01 -5.13078768e+00
 -6.38593132e-01  9.66981107e-01  5.09035088e-01 -8.06024947e-01
 -1.66070413e+01 -1.16467025e+02  2.57480056e-01  7.04624950e+01
  5.51595163e+01  2.55948236e+01  5.25604926e+00  1.61260828e-01
  1.47400526e+00 -2.48562473e+00  1.18961083e-01 -2.76086236e+00
  3.48594533e+01 -2.77452549e+02  1.42086497e+03 -4.41270888e+03
  7.04327600e+03 -2.55070912e+03 -3.89629847e+03 -2.14470199e+03
  9.42632396e-01  1.37823849e+00  2.25871657e-01 -4.13067099e-01
 -1.24773729e+00  7.65871107e-01 -1.53814332e+00  1.23776132e+00
  9.39910934e-02  1.06248336e-01  2.93736131e-01  9.23109865e-01
  1.89705988e+00  7.12553064e-01  4.42714146e-02 -8.81757070e-01
 -2.13622978e+00  1.27037372e+00 -1.47101698e+00  6.87601047e-02]
训练集上的RMSE = 0.00034758825604431213

验证集上的RMSE = 0.00032958371537486676
测试集上的RMSE = 0.0003887202309793929